0 0 0 0 0
0.05 0.049505 3.55142e-08 2.1511e-06 8.59589e-05
0.1 0.0990099 2.83693e-07 8.5874e-06 0.000171409
0.15 0.148515 9.56046e-07 1.92835e-05 0.00025635
0.2 0.19802 2.26282e-06 3.4214e-05 0.000340785
0.25 0.247525 4.41302e-06 5.33535e-05 0.000424713
0.3 0.29703 7.61439e-06 7.66769e-05 0.000508136
0.35 0.346535 1.20734e-05 0.000104159 0.000591055
0.4 0.39604 1.79953e-05 0.000135774 0.000673471
0.45 0.445545 2.55842e-05 0.000171497 0.000755385
0.5 0.49505 3.50427e-05 0.000211304 0.000836798
0.55 0.544554 4.65723e-05 0.000255169 0.00091771
0.6 0.594059 6.03735e-05 0.000303067 0.000998124
0.65 0.643564 7.66451e-05 0.000354973 0.00107804
0.7 0.693069 9.5585e-05 0.000410862 0.00115746
0.75 0.742574 0.00011739 0.00047071 0.00123638
0.8 0.792079 0.000142255 0.000534492 0.00131481
0.85 0.841584 0.000170374 0.000602183 0.00139274
0.9 0.891089 0.000201941 0.000673758 0.00147018
0.95 0.940594 0.000237147 0.000749193 0.00154713
1 0.990099 0.000276182 0.000828462 0.00162358
1.05 1.0396 0.000319236 0.000911543 0.00169955
1.1 1.08911 0.000366496 0.000998409 0.00177503
1.15 1.13861 0.00041815 0.00108904 0.00185002
1.2 1.18812 0.000474383 0.0011834 0.00192452
1.25 1.23762 0.00053538 0.00128148 0.00199854
1.3 1.28713 0.000601323 0.00138325 0.00207207
1.35 1.33663 0.000672396 0.00148868 0.00214512
1.4 1.38614 0.000748778 0.00159775 0.00221768
1.45 1.43564 0.000830649 0.00171044 0.00228977
1.5 1.48515 0.000918187 0.00182672 0.00236137
1.55 1.53465 0.00101157 0.00194657 0.00243249
1.6 1.58416 0.00111098 0.00206996 0.00250313
1.65 1.63366 0.00121658 0.00219688 0.0025733
1.7 1.68317 0.00132855 0.00232728 0.00264298
1.75 1.73267 0.00144706 0.00246117 0.0027122
1.8 1.78218 0.00157228 0.0025985 0.00278093
1.85 1.83168 0.00170439 0.00273925 0.0028492
1.9 1.88119 0.00184355 0.00288341 0.00291699
1.95 1.93069 0.00198993 0.00303094 0.00298431
2 1.9802 0.0021437 0.00318183 0.00305115
2.05 2.0297 0.00230502 0.00333605 0.00311753
2.1 2.07921 0.00247405 0.00349358 0.00318344
2.15 2.12871 0.00265097 0.00365439 0.00324888
2.2 2.17821 0.00283593 0.00381846 0.00331385
2.25 2.22772 0.00302909 0.00398576 0.00337836
2.3 2.27722 0.00323061 0.00415628 0.0034424
2.35 2.32673 0.00344065 0.00433 0.00350598
2.4 2.37623 0.00365937 0.00450687 0.0035691
2.45 2.42574 0.00388693 0.0046869 0.00363175
2.5 2.47524 0.00412347 0.00487004 0.00369395
2.55 2.52475 0.00436916 0.00505628 0.00375568
2.6 2.57425 0.00462414 0.0052456 0.00381695
2.65 2.62375 0.00488857 0.00543797 0.00387777
2.7 2.67326 0.0051626 0.00563337 0.00393813
2.75 2.72276 0.00544638 0.00583178 0.00399804
2.8 2.77227 0.00574005 0.00603317 0.00405748
2.85 2.82177 0.00604377 0.00623752 0.00411648
2.9 2.87127 0.00635767 0.00644481 0.00417502
2.95 2.92078 0.00668191 0.00665501 0.00423311
3 2.97028 0.00701663 0.00686811 0.00429075
3.05 3.01979 0.00736197 0.00708408 0.00434794
3.1 3.06929 0.00771806 0.0073029 0.00440469
3.15 3.11879 0.00808507 0.00752454 0.00446098
3.2 3.1683 0.00846311 0.00774899 0.00451683
3.25 3.2178 0.00885233 0.00797622 0.00457223
3.3 3.2673 0.00925287 0.0082062 0.00462718
3.35 3.31681 0.00966486 0.00843893 0.0046817
3.4 3.36631 0.0100884 0.00867437 0.00473577
3.45 3.41581 0.0105237 0.0089125 0.0047894
3.5 3.46532 0.0109709 0.0091533 0.00484258
3.55 3.51482 0.01143 0.00939675 0.00489533
3.6 3.56432 0.0119013 0.00964283 0.00494764
3.65 3.61382 0.0123848 0.00989151 0.00499951
3.7 3.66333 0.0128807 0.0101428 0.00505095
3.75 3.71283 0.0133891 0.0103966 0.00510195
3.8 3.76233 0.0139101 0.010653 0.00515251
3.85 3.81183 0.0144438 0.0109118 0.00520264
3.9 3.86134 0.0149905 0.0111732 0.00525234
3.95 3.91084 0.0155501 0.0114371 0.0053016
4 3.96034 0.0161229 0.0117034 0.00535044
4.05 4.00984 0.0167089 0.0119721 0.00539885
4.1 4.05934 0.0173082 0.0122432 0.00544682
4.15 4.10884 0.0179211 0.0125168 0.00549437
4.2 4.15834 0.0185475 0.0127927 0.0055415
4.25 4.20784 0.0191877 0.0130709 0.00558819
4.3 4.25734 0.0198417 0.0133515 0.00563447
4.35 4.30685 0.0205096 0.0136344 0.00568031
4.4 4.35635 0.0211916 0.0139195 0.00572574
4.45 4.40585 0.0218878 0.0142069 0.00577075
4.5 4.45535 0.0225982 0.0144966 0.00581533
4.55 4.50485 0.0233231 0.0147885 0.00585949
4.6 4.55434 0.0240624 0.0150825 0.00590324
4.65 4.60384 0.0248164 0.0153788 0.00594657
4.7 4.65334 0.025585 0.0156772 0.00598948
4.75 4.70284 0.0263685 0.0159777 0.00603198
4.8 4.75234 0.027167 0.0162804 0.00607406
4.85 4.80184 0.0279804 0.0165851 0.00611573
4.9 4.85134 0.028809 0.0168919 0.00615698
4.95 4.90083 0.0296528 0.0172008 0.00619783
5 4.95033 0.030512 0.0175117 0.00623826
5.05 4.99983 0.0313866 0.0178246 0.00627828
5.1 5.04933 0.0322768 0.0181395 0.0063179
5.15 5.09882 0.0331825 0.0184564 0.00635711
5.2 5.14832 0.0341041 0.0187752 0.00639591
5.25 5.19781 0.0350414 0.019096 0.0064343
5.3 5.24731 0.0359947 0.0194187 0.0064723
5.35 5.29681 0.0369639 0.0197432 0.00650988
5.4 5.3463 0.0379493 0.0200696 0.00654707
5.45 5.3958 0.0389509 0.0203979 0.00658385
5.5 5.44529 0.0399688 0.020728 0.00662024
5.55 5.49478 0.0410031 0.0210599 0.00665622
5.6 5.54428 0.0420538 0.0213936 0.00669181
5.65 5.59377 0.0431211 0.0217291 0.00672699
5.7 5.64327 0.0442051 0.0220663 0.00676179
5.75 5.69276 0.0453058 0.0224053 0.00679618
5.8 5.74225 0.0464233 0.0227459 0.00683018
5.85 5.79174 0.0475577 0.0230883 0.00686379
5.9 5.84123 0.0487091 0.0234323 0.00689701
5.95 5.89072 0.0498775 0.023778 0.00692983
6 5.94022 0.0510631 0.0241253 0.00696227
6.05 5.98971 0.052266 0.0244742 0.00699431
6.1 6.0392 0.0534861 0.0248247 0.00702597
6.15 6.08869 0.0547236 0.0251768 0.00705723
6.2 6.13817 0.0559786 0.0255304 0.00708812
6.25 6.18766 0.0572512 0.0258856 0.00711861
6.3 6.23715 0.0585413 0.0262423 0.00714873
6.35 6.28664 0.0598491 0.0266005 0.00717846
6.4 6.33613 0.0611747 0.0269601 0.0072078
6.45 6.38561 0.0625181 0.0273212 0.00723677
6.5 6.4351 0.0638795 0.0276838 0.00726535
6.55 6.48458 0.0652588 0.0280478 0.00729356
6.6 6.53407 0.0666561 0.0284131 0.00732139
6.65 6.58355 0.0680716 0.0287799 0.00734884
6.7 6.63304 0.0695053 0.029148 0.00737591
6.75 6.68252 0.0709572 0.0295175 0.00740261
6.8 6.73201 0.0724274 0.0298883 0.00742893
6.85 6.78149 0.073916 0.0302604 0.00745488
6.9 6.83097 0.075423 0.0306338 0.00748046
6.95 6.88045 0.0769486 0.0310084 0.00750567
7 6.92993 0.0784927 0.0313843 0.00753051
7.05 6.97941 0.0800554 0.0317615 0.00755497
7.1 7.02889 0.0816369 0.0321398 0.00757907
7.15 7.07837 0.0832371 0.0325194 0.0076028
7.2 7.12785 0.0848561 0.0329001 0.00762617
7.25 7.17733 0.0864939 0.033282 0.00764917
7.3 7.2268 0.0881507 0.033665 0.00767181
7.35 7.27628 0.0898265 0.0340491 0.00769408
7.4 7.32576 0.0915213 0.0344344 0.00771599
7.45 7.37523 0.0932352 0.0348207 0.00773754
7.5 7.42471 0.0949682 0.0352081 0.00775873
7.55 7.47418 0.0967204 0.0355966 0.00777956
7.6 7.52365 0.0984919 0.0359861 0.00780003
7.65 7.57313 0.100283 0.0363766 0.00782015
7.7 7.6226 0.102093 0.0367681 0.0078399
7.75 7.67207 0.103922 0.0371606 0.00785931
7.8 7.72154 0.105771 0.037554 0.00787836
7.85 7.77101 0.10764 0.0379484 0.00789705
7.9 7.82048 0.109528 0.0383437 0.0079154
7.95 7.86995 0.111435 0.0387399 0.00793339
8 7.91941 0.113362 0.0391371 0.00795103
8.05 7.96888 0.115309 0.039535 0.00796832
8.1 8.01835 0.117276 0.0399339 0.00798527
8.15 8.06781 0.119262 0.0403336 0.00800187
8.2 8.11728 0.121268 0.0407341 0.00801812
8.25 8.16674 0.123294 0.0411354 0.00803403
8.3 8.2162 0.12534 0.0415375 0.00804959
8.35 8.26566 0.127405 0.0419403 0.00806481
8.4 8.31513 0.129491 0.0423439 0.00807969
8.45 8.36459 0.131597 0.0427483 0.00809422
8.5 8.41404 0.133722 0.0431534 0.00810842
8.55 8.4635 0.135868 0.0435591 0.00812227
8.6 8.51296 0.138034 0.0439656 0.00813579
8.65 8.56242 0.140219 0.0443727 0.00814898
8.7 8.61187 0.142426 0.0447805 0.00816182
8.75 8.66133 0.144652 0.0451889 0.00817433
8.8 8.71078 0.146898 0.0455979 0.00818651
8.85 8.76024 0.149165 0.0460075 0.00819835
8.9 8.80969 0.151452 0.0464177 0.00820986
8.95 8.85914 0.153759 0.0468285 0.00822104
9 8.90859 0.156087 0.0472398 0.00823189
9.05 8.95804 0.158434 0.0476517 0.00824242
9.1 9.00749 0.160803 0.0480641 0.00825261
9.15 9.05693 0.163191 0.0484769 0.00826248
9.2 9.10638 0.165601 0.0488903 0.00827202
9.25 9.15583 0.16803 0.0493041 0.00828123
9.3 9.20527 0.17048 0.0497184 0.00829012
9.35 9.25471 0.172951 0.0501331 0.00829869
9.4 9.30415 0.175442 0.0505483 0.00830694
9.45 9.3536 0.177953 0.0509638 0.00831486
9.5 9.40304 0.180486 0.0513798 0.00832247
9.55 9.45248 0.183038 0.0517961 0.00832975
9.6 9.50191 0.185612 0.0522127 0.00833672
9.65 9.55135 0.188206 0.0526297 0.00834337
9.7 9.60079 0.19082 0.0530471 0.00834971
9.75 9.65022 0.193455 0.0534647 0.00835573
9.8 9.69965 0.196111 0.0538826 0.00836144
9.85 9.74909 0.198788 0.0543008 0.00836683
9.9 9.79852 0.201485 0.0547193 0.00837191
9.95 9.84795 0.204203 0.055138 0.00837668
10 9.89738 0.206941 0.055557 0.00838114
10.05 9.94681 0.209701 0.0559761 0.00838529
10.1 9.99623 0.212481 0.0563955 0.00838914
10.15 10.0457 0.215281 0.056815 0.00839268
10.2 10.0951 0.218103 0.0572348 0.00839591
10.25 10.1445 0.220945 0.0576546 0.00839883
10.3 10.1939 0.223808 0.0580746 0.00840146
10.35 10.2433 0.226692 0.0584948 0.00840378
10.4 10.2928 0.229596 0.058915 0.00840579
10.45 10.3422 0.232522 0.0593353 0.00840751
10.5 10.3916 0.235468 0.0597558 0.00840893
10.55 10.441 0.238434 0.0601762 0.00841005
10.6 10.4904 0.241422 0.0605968 0.00841087
10.65 10.5398 0.24443 0.0610173 0.00841139
10.7 10.5893 0.24746 0.0614379 0.00841162
10.75 10.6387 0.25051 0.0618585 0.00841155
10.8 10.6881 0.25358 0.062279 0.00841119
10.85 10.7375 0.256672 0.0626996 0.00841054
10.9 10.7869 0.259784 0.0631201 0.00840959
10.95 10.8363 0.262917 0.0635405 0.00840835
11 10.8857 0.266071 0.0639609 0.00840683
11.05 10.9351 0.269246 0.0643812 0.00840501
11.1 10.9845 0.272441 0.0648014 0.00840291
11.15 11.0339 0.275657 0.0652215 0.00840052
11.2 11.0833 0.278894 0.0656415 0.00839785
11.25 11.1327 0.282152 0.0660613 0.00839489
11.3 11.1821 0.28543 0.0664809 0.00839164
11.35 11.2315 0.288729 0.0669004 0.00838812
11.4 11.2809 0.292049 0.0673198 0.00838431
11.45 11.3303 0.295389 0.0677389 0.00838022
11.5 11.3797 0.29875 0.0681578 0.00837585
11.55 11.4291 0.302132 0.0685764 0.0083712
11.6 11.4785 0.305535 0.0689949 0.00836628
11.65 11.5278 0.308958 0.0694131 0.00836108
11.7 11.5772 0.312402 0.069831 0.0083556
11.75 11.6266 0.315866 0.0702486 0.00834985
11.8 11.676 0.319352 0.070666 0.00834382
11.85 11.7254 0.322857 0.071083 0.00833752
11.9 11.7748 0.326384 0.0714997 0.00833095
11.95 11.8241 0.32993 0.0719161 0.00832411
12 11.8735 0.333498 0.0723321 0.008317
12.05 11.9229 0.337086 0.0727478 0.00830962
12.1 11.9723 0.340694 0.0731631 0.00830198
12.15 12.0216 0.344323 0.073578 0.00829406
12.2 12.071 0.347973 0.0739925 0.00828588
12.25 12.1204 0.351642 0.0744066 0.00827744
12.3 12.1697 0.355333 0.0748202 0.00826873
12.35 12.2191 0.359043 0.0752334 0.00825976
12.4 12.2685 0.362775 0.0756462 0.00825053
12.45 12.3178 0.366526 0.0760585 0.00824104
12.5 12.3672 0.370298 0.0764703 0.00823129
12.55 12.4165 0.37409 0.0768816 0.00822128
12.6 12.4659 0.377902 0.0772924 0.00821101
12.65 12.5153 0.381735 0.0777027 0.00820048
12.7 12.5646 0.385588 0.0781125 0.0081897
12.75 12.614 0.389461 0.0785217 0.00817867
12.8 12.6633 0.393354 0.0789303 0.00816738
12.85 12.7127 0.397268 0.0793384 0.00815584
12.9 12.762 0.401201 0.0797459 0.00814405
12.95 12.8114 0.405155 0.0801528 0.00813201
13 12.8607 0.409129 0.0805591 0.00811971
13.05 12.9101 0.413123 0.0809648 0.00810717
13.1 12.9594 0.417136 0.0813698 0.00809438
13.15 13.0087 0.42117 0.0817742 0.00808135
13.2 13.0581 0.425224 0.0821779 0.00806807
13.25 13.1074 0.429297 0.082581 0.00805454
13.3 13.1567 0.433391 0.0829834 0.00804077
13.35 13.2061 0.437504 0.0833851 0.00802676
13.4 13.2554 0.441637 0.0837861 0.00801251
13.45 13.3047 0.44579 0.0841863 0.00799802
13.5 13.3541 0.449963 0.0845859 0.00798329
13.55 13.4034 0.454155 0.0849847 0.00796832
13.6 13.4527 0.458367 0.0853827 0.00795311
13.65 13.502 0.462598 0.08578 0.00793766
13.7 13.5514 0.466849 0.0861765 0.00792198
13.75 13.6007 0.47112 0.0865722 0.00790607
13.8 13.65 0.47541 0.0869671 0.00788992
13.85 13.6993 0.47972 0.0873611 0.00787354
13.9 13.7486 0.484049 0.0877544 0.00785693
13.95 13.798 0.488397 0.0881468 0.00784008
14 13.8473 0.492765 0.0885384 0.00782301
14.05 13.8966 0.497152 0.0889291 0.00780571
14.1 13.9459 0.501558 0.089319 0.00778818
14.15 13.9952 0.505984 0.0897079 0.00777043
14.2 14.0445 0.510428 0.090096 0.00775245
14.25 14.0938 0.514892 0.0904832 0.00773425
14.3 14.1431 0.519375 0.0908694 0.00771582
14.35 14.1924 0.523877 0.0912548 0.00769717
14.4 14.2417 0.528397 0.0916392 0.0076783
14.45 14.291 0.532937 0.0920226 0.00765921
14.5 14.3403 0.537496 0.0924051 0.0076399
14.55 14.3896 0.542073 0.0927866 0.00762037
14.6 14.4389 0.546669 0.0931671 0.00760062
14.65 14.4882 0.551284 0.0935466 0.00758066
14.7 14.5375 0.555918 0.0939252 0.00756048
14.75 14.5867 0.56057 0.0943027 0.00754009
14.8 14.636 0.565241 0.0946792 0.00751949
14.85 14.6853 0.56993 0.0950546 0.00749867
14.9 14.7346 0.574638 0.095429 0.00747764
14.95 14.7839 0.579364 0.0958024 0.0074564
15 14.8331 0.584109 0.0961747 0.00743495
15.05 14.8824 0.588872 0.0965459 0.00741329
15.1 14.9317 0.593653 0.096916 0.00739143
15.15 14.981 0.598452 0.097285 0.00736936
15.2 15.0302 0.60327 0.0976529 0.00734708
15.25 15.0795 0.608106 0.0980197 0.0073246
15.3 15.1288 0.612959 0.0983854 0.00730192
15.35 15.178 0.617831 0.0987499 0.00727903
15.4 15.2273 0.622721 0.0991133 0.00725595
15.45 15.2766 0.627628 0.0994755 0.00723266
15.5 15.3258 0.632553 0.0998366 0.00720917
15.55 15.3751 0.637497 0.100196 0.00718549
15.6 15.4243 0.642457 0.100555 0.00716161
15.65 15.4736 0.647436 0.100913 0.00713753
15.7 15.5228 0.652432 0.101269 0.00711326
15.75 15.5721 0.657445 0.101624 0.00708879
15.8 15.6213 0.662476 0.101978 0.00706413
15.85 15.6706 0.667524 0.10233 0.00703928
15.9 15.7198 0.67259 0.102682 0.00701423
15.95 15.7691 0.677673 0.103032 0.006989
16 15.8183 0.682773 0.103381 0.00696358
16.05 15.8675 0.687891 0.103728 0.00693797
16.1 15.9168 0.693025 0.104074 0.00691217
16.15 15.966 0.698176 0.104419 0.00688618
16.2 16.0153 0.703345 0.104763 0.00686001
16.25 16.0645 0.70853 0.105105 0.00683366
16.3 16.1137 0.713732 0.105446 0.00680712
16.35 16.1629 0.718951 0.105786 0.0067804
16.4 16.2122 0.724186 0.106124 0.0067535
16.45 16.2614 0.729438 0.106461 0.00672642
16.5 16.3106 0.734707 0.106797 0.00669916
16.55 16.3598 0.739992 0.107131 0.00667173
16.6 16.4091 0.745294 0.107464 0.00664411
16.65 16.4583 0.750612 0.107796 0.00661632
16.7 16.5075 0.755946 0.108126 0.00658836
16.75 16.5567 0.761296 0.108455 0.00656022
16.8 16.6059 0.766663 0.108782 0.0065319
16.85 16.6551 0.772046 0.109108 0.00650342
16.9 16.7044 0.777444 0.109432 0.00647476
16.95 16.7536 0.782859 0.109755 0.00644594
17 16.8028 0.788289 0.110077 0.00641694
17.05 16.852 0.793736 0.110397 0.00638778
17.1 16.9012 0.799197 0.110716 0.00635845
17.15 16.9504 0.804675 0.111033 0.00632895
17.2 16.9996 0.810168 0.111348 0.00629929
17.25 17.0488 0.815677 0.111663 0.00626947
17.3 17.098 0.821201 0.111975 0.00623948
17.35 17.1472 0.82674 0.112287 0.00620933
17.4 17.1964 0.832295 0.112596 0.00617902
17.45 17.2455 0.837865 0.112904 0.00614855
17.5 17.2947 0.84345 0.113211 0.00611792
17.55 17.3439 0.84905 0.113516 0.00608713
17.6 17.3931 0.854665 0.11382 0.00605619
17.65 17.4423 0.860295 0.114122 0.00602509
17.7 17.4915 0.86594 0.114422 0.00599383
17.75 17.5407 0.871599 0.114721 0.00596242
17.8 17.5898 0.877273 0.115019 0.00593086
17.85 17.639 0.882962 0.115314 0.00589914
17.9 17.6882 0.888665 0.115609 0.00586728
17.95 17.7374 0.894383 0.115901 0.00583526
18 17.7865 0.900115 0.116192 0.0058031
18.05 17.8357 0.905861 0.116481 0.00577079
18.1 17.8849 0.911622 0.116769 0.00573833
18.15 17.934 0.917396 0.117055 0.00570572
18.2 17.9832 0.923185 0.11734 0.00567297
18.25 18.0324 0.928987 0.117623 0.00564008
18.3 18.0815 0.934804 0.117904 0.00560704
18.35 18.1307 0.940634 0.118183 0.00557387
18.4 18.1798 0.946478 0.118461 0.00554055
18.45 18.229 0.952335 0.118737 0.00550709
18.5 18.2782 0.958206 0.119012 0.00547349
18.55 18.3273 0.964091 0.119285 0.00543975
18.6 18.3765 0.969989 0.119556 0.00540588
18.65 18.4256 0.9759 0.119825 0.00537187
18.7 18.4748 0.981824 0.120093 0.00533773
18.75 18.5239 0.987762 0.120359 0.00530345
18.8 18.5731 0.993712 0.120623 0.00526904
18.85 18.6222 0.999675 0.120886 0.0052345
18.9 18.6713 1.00565 0.121147 0.00519983
18.95 18.7205 1.01164 0.121406 0.00516503
19 18.7696 1.01764 0.121663 0.0051301
19.05 18.8188 1.02366 0.121919 0.00509504
19.1 18.8679 1.02968 0.122173 0.00505985
19.15 18.917 1.03572 0.122425 0.00502454
19.2 18.9662 1.04177 0.122675 0.0049891
19.25 19.0153 1.04784 0.122924 0.00495354
19.3 19.0644 1.05391 0.123171 0.00491786
19.35 19.1136 1.06 0.123416 0.00488206
19.4 19.1627 1.0661 0.123659 0.00484613
19.45 19.2118 1.07222 0.1239 0.00481009
19.5 19.2609 1.07834 0.12414 0.00477392
19.55 19.3101 1.08447 0.124378 0.00473764
19.6 19.3592 1.09062 0.124613 0.00470125
19.65 19.4083 1.09678 0.124848 0.00466473
19.7 19.4574 1.10295 0.12508 0.0046281
19.75 19.5065 1.10913 0.12531 0.00459136
19.8 19.5557 1.11533 0.125539 0.00455451
19.85 19.6048 1.12153 0.125766 0.00451754
19.9 19.6539 1.12774 0.125991 0.00448046
19.95 19.703 1.13397 0.126214 0.00444328
20 19.7521 1.14021 0.126435 0.00440598
20.05 19.8012 1.14646 0.126655 0.00436858
20.1 19.8503 1.15271 0.126872 0.00433107
20.15 19.8994 1.15898 0.127088 0.00429345
20.2 19.9485 1.16526 0.127301 0.00425574
20.25 19.9976 1.17155 0.127513 0.00421791
20.3 20.0467 1.17785 0.127723 0.00417999
20.35 20.0958 1.18417 0.127931 0.00414196
20.4 20.1449 1.19049 0.128137 0.00410383
20.45 20.194 1.19682 0.128342 0.0040656
20.5 20.2431 1.20316 0.128544 0.00402728
20.55 20.2922 1.20951 0.128744 0.00398885
20.6 20.3413 1.21587 0.128943 0.00395033
20.65 20.3904 1.22224 0.129139 0.00391172
20.7 20.4395 1.22862 0.129334 0.003873
20.75 20.4886 1.23501 0.129527 0.0038342
20.8 20.5377 1.24141 0.129717 0.0037953
20.85 20.5868 1.24782 0.129906 0.00375631
20.9 20.6359 1.25424 0.130093 0.00371724
20.95 20.685 1.26066 0.130278 0.00367807
21 20.734 1.2671 0.130461 0.00363881
21.05 20.7831 1.27354 0.130642 0.00359947
21.1 20.8322 1.28 0.130821 0.00356004
21.15 20.8813 1.28646 0.130998 0.00352052
21.2 20.9304 1.29293 0.131173 0.00348092
21.25 20.9794 1.29941 0.131346 0.00344123
21.3 21.0285 1.3059 0.131517 0.00340147
21.35 21.0776 1.31239 0.131686 0.00336162
21.4 21.1267 1.3189 0.131853 0.00332169
21.45 21.1758 1.32541 0.132018 0.00328168
21.5 21.2248 1.33193 0.132181 0.00324159
21.55 21.2739 1.33846 0.132342 0.00320143
21.6 21.323 1.34499 0.132501 0.00316119
21.65 21.372 1.35154 0.132658 0.00312087
21.7 21.4211 1.35809 0.132814 0.00308048
21.75 21.4702 1.36465 0.132967 0.00304002
21.8 21.5192 1.37122 0.133118 0.00299948
21.85 21.5683 1.37779 0.133266 0.00295887
21.9 21.6174 1.38437 0.133413 0.00291819
21.95 21.6664 1.39096 0.133558 0.00287745
22 21.7155 1.39756 0.133701 0.00283663
22.05 21.7646 1.40416 0.133842 0.00279575
22.1 21.8136 1.41077 0.133981 0.0027548
22.15 21.8627 1.41738 0.134117 0.00271378
22.2 21.9118 1.42401 0.134252 0.0026727
22.25 21.9608 1.43064 0.134385 0.00263156
22.3 22.0099 1.43727 0.134515 0.00259035
22.35 22.0589 1.44392 0.134644 0.00254909
22.4 22.108 1.45056 0.13477 0.00250776
22.45 22.157 1.45722 0.134894 0.00246637
22.5 22.2061 1.46388 0.135017 0.00242493
22.55 22.2551 1.47055 0.135137 0.00238343
22.6 22.3042 1.47722 0.135255 0.00234187
22.65 22.3533 1.4839 0.135371 0.00230025
22.7 22.4023 1.49058 0.135485 0.00225858
22.75 22.4514 1.49727 0.135597 0.00221686
22.8 22.5004 1.50396 0.135707 0.00217509
22.85 22.5495 1.51067 0.135815 0.00213326
22.9 22.5985 1.51737 0.13592 0.00209139
22.95 22.6476 1.52408 0.136024 0.00204946
23 22.6966 1.5308 0.136125 0.00200749
23.05 22.7456 1.53752 0.136224 0.00196547
23.1 22.7947 1.54424 0.136322 0.0019234
23.15 22.8437 1.55097 0.136417 0.00188129
23.2 22.8928 1.55771 0.13651 0.00183914
23.25 22.9418 1.56445 0.136601 0.00179694
23.3 22.9909 1.57119 0.136689 0.0017547
23.35 23.0399 1.57794 0.136776 0.00171241
23.4 23.089 1.58469 0.136861 0.00167009
23.45 23.138 1.59145 0.136943 0.00162773
23.5 23.187 1.59821 0.137023 0.00158533
23.55 23.2361 1.60497 0.137102 0.00154289
23.6 23.2851 1.61174 0.137178 0.00150042
23.65 23.3342 1.61851 0.137252 0.00145791
23.7 23.3832 1.62528 0.137324 0.00141537
23.75 23.4322 1.63206 0.137393 0.00137279
23.8 23.4813 1.63885 0.137461 0.00133018
23.85 23.5303 1.64563 0.137526 0.00128754
23.9 23.5794 1.65242 0.13759 0.00124487
23.95 23.6284 1.65921 0.137651 0.00120217
24 23.6774 1.666 0.13771 0.00115944
24.05 23.7265 1.6728 0.137767 0.00111669
24.1 23.7755 1.6796 0.137821 0.00107391
24.15 23.8245 1.6864 0.137874 0.0010311
24.2 23.8736 1.69321 0.137925 0.000988275
24.25 23.9226 1.70002 0.137973 0.000945422
24.3 23.9716 1.70683 0.138019 0.000902548
24.35 24.0207 1.71364 0.138063 0.000859652
24.4 24.0697 1.72045 0.138105 0.000816736
24.45 24.1187 1.72727 0.138145 0.0007738
24.5 24.1678 1.73409 0.138182 0.000730847
24.55 24.2168 1.74091 0.138218 0.000687877
24.6 24.2658 1.74773 0.138251 0.00064489
24.65 24.3149 1.75455 0.138282 0.000601889
24.7 24.3639 1.76138 0.138311 0.000558873
24.75 24.4129 1.7682 0.138338 0.000515845
24.8 24.462 1.77503 0.138363 0.000472804
24.85 24.511 1.78186 0.138386 0.000429752
24.9 24.56 1.78869 0.138406 0.000386691
24.95 24.6091 1.79552 0.138424 0.00034362
25 24.6581 1.80235 0.13844 0.000300541
25.05 24.7071 1.80918 0.138454 0.000257455
25.1 24.7562 1.81601 0.138466 0.000214364
25.15 24.8052 1.82285 0.138476 0.000171267
25.2 24.8542 1.82968 0.138483 0.000128166
25.25 24.9032 1.83651 0.138489 8.50623e-05
25.3 24.9523 1.84335 0.138492 4.19565e-05
25.35 25.0013 1.85018 0.138493 -1.15028e-06
25.4 25.0503 1.85702 0.138492 -4.4257e-05
25.45 25.0994 1.86385 0.138488 -8.73627e-05
25.5 25.1484 1.87068 0.138483 -0.000130466
25.55 25.1974 1.87752 0.138475 -0.000173567
25.6 25.2465 1.88435 0.138466 -0.000216664
25.65 25.2955 1.89118 0.138454 -0.000259755
25.7 25.3445 1.89802 0.13844 -0.00030284
25.75 25.3936 1.90485 0.138423 -0.000345919
25.8 25.4426 1.91168 0.138405 -0.000388989
25.85 25.4916 1.91851 0.138384 -0.00043205
25.9 25.5407 1.92533 0.138362 -0.000475101
25.95 25.5897 1.93216 0.138337 -0.000518141
26 25.6387 1.93899 0.13831 -0.000561169
26.05 25.6877 1.94581 0.138281 -0.000604184
26.1 25.7368 1.95264 0.13825 -0.000647185
26.15 25.7858 1.95946 0.138216 -0.00069017
26.2 25.8348 1.96628 0.138181 -0.00073314
26.25 25.8839 1.97309 0.138143 -0.000776092
26.3 25.9329 1.97991 0.138103 -0.000819026
26.35 25.9819 1.98672 0.138061 -0.000861941
26.4 26.031 1.99354 0.138017 -0.000904836
26.45 26.08 2.00035 0.13797 -0.00094771
26.5 26.1291 2.00715 0.137922 -0.000990562
26.55 26.1781 2.01396 0.137871 -0.00103339
26.6 26.2271 2.02076 0.137819 -0.00107619
26.65 26.2762 2.02756 0.137764 -0.00111897
26.7 26.3252 2.03436 0.137707 -0.00116173
26.75 26.3742 2.04115 0.137648 -0.00120445
26.8 26.4233 2.04794 0.137586 -0.00124715
26.85 26.4723 2.05473 0.137523 -0.00128982
26.9 26.5213 2.06152 0.137457 -0.00133246
26.95 26.5704 2.0683 0.13739 -0.00137506
27 26.6194 2.07508 0.13732 -0.00141764
27.05 26.6685 2.08185 0.137248 -0.00146018
27.1 26.7175 2.08862 0.137174 -0.00150268
27.15 26.7665 2.09539 0.137098 -0.00154516
27.2 26.8156 2.10215 0.137019 -0.00158759
27.25 26.8646 2.10891 0.136939 -0.00162999
27.3 26.9137 2.11567 0.136856 -0.00167235
27.35 26.9627 2.12242 0.136772 -0.00171467
27.4 27.0117 2.12917 0.136685 -0.00175695
27.45 27.0608 2.13591 0.136596 -0.00179919
27.5 27.1098 2.14265 0.136505 -0.00184139
27.55 27.1589 2.14939 0.136412 -0.00188354
27.6 27.2079 2.15612 0.136317 -0.00192565
27.65 27.257 2.16284 0.136219 -0.00196771
27.7 27.306 2.16956 0.13612 -0.00200973
27.75 27.3551 2.17628 0.136018 -0.0020517
27.8 27.4041 2.18299 0.135915 -0.00209362
27.85 27.4532 2.18969 0.135809 -0.0021355
27.9 27.5022 2.19639 0.135701 -0.00217732
27.95 27.5513 2.20309 0.135591 -0.00221909
28 27.6003 2.20978 0.135479 -0.00226081
28.05 27.6494 2.21646 0.135365 -0.00230247
28.1 27.6984 2.22314 0.135249 -0.00234409
28.15 27.7475 2.22981 0.135131 -0.00238564
28.2 27.7965 2.23648 0.13501 -0.00242714
28.25 27.8456 2.24314 0.134888 -0.00246858
28.3 27.8946 2.24979 0.134763 -0.00250997
28.35 27.9437 2.25644 0.134637 -0.00255129
28.4 27.9927 2.26308 0.134508 -0.00259255
28.45 28.0418 2.26972 0.134378 -0.00263376
28.5 28.0909 2.27635 0.134245 -0.0026749
28.55 28.1399 2.28297 0.13411 -0.00271597
28.6 28.189 2.28958 0.133973 -0.00275698
28.65 28.238 2.29619 0.133834 -0.00279793
28.7 28.2871 2.3028 0.133694 -0.00283881
28.75 28.3362 2.30939 0.133551 -0.00287962
28.8 28.3852 2.31598 0.133406 -0.00292037
28.85 28.4343 2.32256 0.133259 -0.00296104
28.9 28.4834 2.32913 0.133109 -0.00300165
28.95 28.5324 2.3357 0.132958 -0.00304218
29 28.5815 2.34226 0.132805 -0.00308264
29.05 28.6306 2.34881 0.13265 -0.00312303
29.1 28.6796 2.35535 0.132493 -0.00316334
29.15 28.7287 2.36189 0.132334 -0.00320357
29.2 28.7778 2.36842 0.132173 -0.00324373
29.25 28.8269 2.37494 0.132009 -0.00328382
29.3 28.8759 2.38145 0.131844 -0.00332382
29.35 28.925 2.38795 0.131677 -0.00336375
29.4 28.9741 2.39445 0.131508 -0.00340359
29.45 29.0232 2.40094 0.131337 -0.00344335
29.5 29.0722 2.40742 0.131164 -0.00348303
29.55 29.1213 2.41389 0.130988 -0.00352263
29.6 29.1704 2.42035 0.130811 -0.00356214
29.65 29.2195 2.4268 0.130632 -0.00360157
29.7 29.2686 2.43325 0.130451 -0.00364091
29.75 29.3177 2.43968 0.130268 -0.00368016
29.8 29.3667 2.44611 0.130083 -0.00371932
29.85 29.4158 2.45252 0.129896 -0.0037584
29.9 29.4649 2.45893 0.129707 -0.00379738
29.95 29.514 2.46533 0.129516 -0.00383627
30 29.5631 2.47172 0.129324 -0.00387507
30.05 29.6122 2.4781 0.129129 -0.00391378
30.1 29.6613 2.48447 0.128932 -0.00395239
30.15 29.7104 2.49083 0.128734 -0.0039909
30.2 29.7595 2.49718 0.128533 -0.00402932
30.25 29.8086 2.50352 0.128331 -0.00406764
30.3 29.8577 2.50985 0.128126 -0.00410587
30.35 29.9068 2.51617 0.12792 -0.00414399
30.4 29.9559 2.52248 0.127712 -0.00418201
30.45 30.005 2.52878 0.127502 -0.00421993
30.5 30.0541 2.53507 0.12729 -0.00425775
30.55 30.1032 2.54135 0.127076 -0.00429547
30.6 30.1523 2.54762 0.12686 -0.00433307
30.65 30.2014 2.55388 0.126643 -0.00437058
30.7 30.2505 2.56012 0.126423 -0.00440798
30.75 30.2996 2.56636 0.126202 -0.00444527
30.8 30.3487 2.57259 0.125979 -0.00448245
30.85 30.3978 2.5788 0.125754 -0.00451952
30.9 30.447 2.58501 0.125527 -0.00455648
30.95 30.4961 2.5912 0.125298 -0.00459333
31 30.5452 2.59738 0.125068 -0.00463006
31.05 30.5943 2.60355 0.124835 -0.00466668
31.1 30.6434 2.60971 0.124601 -0.00470319
31.15 30.6926 2.61585 0.124365 -0.00473958
31.2 30.7417 2.62199 0.124127 -0.00477586
31.25 30.7908 2.62811 0.123887 -0.00481201
31.3 30.8399 2.63422 0.123646 -0.00484805
31.35 30.8891 2.64032 0.123402 -0.00488397
31.4 30.9382 2.64641 0.123157 -0.00491977
31.45 30.9873 2.65248 0.122911 -0.00495545
31.5 31.0365 2.65855 0.122662 -0.004991
31.55 31.0856 2.6646 0.122411 -0.00502643
31.6 31.1347 2.67064 0.122159 -0.00506173
31.65 31.1839 2.67666 0.121905 -0.00509691
31.7 31.233 2.68268 0.12165 -0.00513196
31.75 31.2821 2.68868 0.121392 -0.00516689
31.8 31.3313 2.69467 0.121133 -0.00520168
31.85 31.3804 2.70064 0.120872 -0.00523635
31.9 31.4296 2.70661 0.120609 -0.00527088
31.95 31.4787 2.71256 0.120345 -0.00530529
32 31.5279 2.71849 0.120079 -0.00533956
32.05 31.577 2.72442 0.119811 -0.00537369
32.1 31.6262 2.73033 0.119541 -0.00540769
32.15 31.6753 2.73622 0.11927 -0.00544156
32.2 31.7245 2.74211 0.118997 -0.00547529
32.25 31.7736 2.74798 0.118723 -0.00550888
32.3 31.8228 2.75383 0.118446 -0.00554233
32.35 31.8719 2.75968 0.118168 -0.00557564
32.4 31.9211 2.76551 0.117889 -0.00560881
32.45 31.9703 2.77132 0.117607 -0.00564184
32.5 32.0194 2.77712 0.117325 -0.00567473
32.55 32.0686 2.78291 0.11704 -0.00570747
32.6 32.1178 2.78869 0.116754 -0.00574006
32.65 32.1669 2.79445 0.116466 -0.00577252
32.7 32.2161 2.80019 0.116177 -0.00580482
32.75 32.2653 2.80592 0.115885 -0.00583698
32.8 32.3144 2.81164 0.115593 -0.00586898
32.85 32.3636 2.81734 0.115299 -0.00590084
32.9 32.4128 2.82303 0.115003 -0.00593255
32.95 32.462 2.8287 0.114705 -0.0059641
33 32.5112 2.83436 0.114406 -0.0059955
33.05 32.5603 2.84001 0.114106 -0.00602675
33.1 32.6095 2.84563 0.113804 -0.00605784
33.15 32.6587 2.85125 0.1135 -0.00608878
33.2 32.7079 2.85685 0.113195 -0.00611956
33.25 32.7571 2.86243 0.112888 -0.00615018
33.3 32.8063 2.868 0.11258 -0.00618064
33.35 32.8555 2.87356 0.11227 -0.00621094
33.4 32.9047 2.87909 0.111959 -0.00624109
33.45 32.9539 2.88462 0.111646 -0.00627106
33.5 33.0031 2.89013 0.111332 -0.00630088
33.55 33.0523 2.89562 0.111016 -0.00633053
33.6 33.1015 2.90109 0.110699 -0.00636002
33.65 33.1507 2.90656 0.11038 -0.00638934
33.7 33.1999 2.912 0.11006 -0.00641849
33.75 33.2491 2.91743 0.109738 -0.00644748
33.8 33.2983 2.92284 0.109415 -0.0064763
33.85 33.3475 2.92824 0.10909 -0.00650494
33.9 33.3967 2.93362 0.108764 -0.00653342
33.95 33.4459 2.93899 0.108437 -0.00656172
34 33.4951 2.94434 0.108108 -0.00658985
34.05 33.5443 2.94967 0.107778 -0.00661781
34.1 33.5936 2.95499 0.107446 -0.00664559
34.15 33.6428 2.96029 0.107113 -0.0066732
34.2 33.692 2.96557 0.106779 -0.00670062
34.25 33.7412 2.97084 0.106443 -0.00672787
34.3 33.7905 2.97609 0.106106 -0.00675494
34.35 33.8397 2.98133 0.105768 -0.00678183
34.4 33.8889 2.98655 0.105428 -0.00680854
34.45 33.9381 2.99175 0.105087 -0.00683507
34.5 33.9874 2.99693 0.104745 -0.00686141
34.55 34.0366 3.0021 0.104401 -0.00688757
34.6 34.0858 3.00725 0.104056 -0.00691355
34.65 34.1351 3.01238 0.10371 -0.00693934
34.7 34.1843 3.0175 0.103362 -0.00696494
34.75 34.2336 3.0226 0.103013 -0.00699035
34.8 34.2828 3.02768 0.102663 -0.00701558
34.85 34.3321 3.03275 0.102312 -0.00704061
34.9 34.3813 3.03779 0.101959 -0.00706545
34.95 34.4305 3.04282 0.101605 -0.0070901
35 34.4798 3.04784 0.10125 -0.00711456
35.05 34.529 3.05283 0.100894 -0.00713882
35.1 34.5783 3.05781 0.100536 -0.00716289
35.15 34.6276 3.06277 0.100177 -0.00718676
35.2 34.6768 3.06771 0.0998173 -0.00721043
35.25 34.7261 3.07263 0.0994562 -0.00723391
35.3 34.7753 3.07754 0.0990939 -0.00725718
35.35 34.8246 3.08243 0.0987305 -0.00728026
35.4 34.8739 3.0873 0.0983659 -0.00730314
35.45 34.9231 3.09215 0.0980002 -0.00732581
35.5 34.9724 3.09699 0.0976333 -0.00734828
35.55 35.0217 3.1018 0.0972654 -0.00737054
35.6 35.0709 3.1066 0.0968963 -0.0073926
35.65 35.1202 3.11138 0.0965261 -0.00741445
35.7 35.1695 3.11614 0.0961548 -0.0074361
35.75 35.2188 3.12089 0.0957825 -0.00745754
35.8 35.268 3.12561 0.0954091 -0.00747877
35.85 35.3173 3.13032 0.0950346 -0.00749978
35.9 35.3666 3.13501 0.0946591 -0.00752059
35.95 35.4159 3.13968 0.0942826 -0.00754118
36 35.4652 3.14433 0.093905 -0.00756157
36.05 35.5145 3.14896 0.0935264 -0.00758173
36.1 35.5638 3.15358 0.0931468 -0.00760168
36.15 35.613 3.15817 0.0927662 -0.00762142
36.2 35.6623 3.16275 0.0923847 -0.00764093
36.25 35.7116 3.16731 0.0920022 -0.00766023
36.3 35.7609 3.17184 0.0916187 -0.00767931
36.35 35.8102 3.17636 0.0912342 -0.00769817
36.4 35.8595 3.18086 0.0908489 -0.00771681
36.45 35.9088 3.18535 0.0904625 -0.00773522
36.5 35.9581 3.18981 0.0900753 -0.00775342
36.55 36.0074 3.19425 0.0896872 -0.00777138
36.6 36.0567 3.19868 0.0892982 -0.00778913
36.65 36.1061 3.20308 0.0889083 -0.00780664
36.7 36.1554 3.20747 0.0885175 -0.00782393
36.75 36.2047 3.21184 0.0881259 -0.00784099
36.8 36.254 3.21618 0.0877334 -0.00785782
36.85 36.3033 3.22051 0.0873401 -0.00787442
36.9 36.3526 3.22482 0.086946 -0.00789079
36.95 36.4019 3.22911 0.0865511 -0.00790692
37 36.4513 3.23338 0.0861553 -0.00792282
37.05 36.5006 3.23763 0.0857588 -0.00793849
37.1 36.5499 3.24186 0.0853615 -0.00795392
37.15 36.5992 3.24607 0.0849634 -0.00796912
37.2 36.6486 3.25026 0.0845646 -0.00798408
37.25 36.6979 3.25443 0.084165 -0.0079988
37.3 36.7472 3.25858 0.0837647 -0.00801328
37.35 36.7966 3.26272 0.0833637 -0.00802752
37.4 36.8459 3.26683 0.0829619 -0.00804152
37.45 36.8952 3.27092 0.0825595 -0.00805527
37.5 36.9446 3.27499 0.0821564 -0.00806878
37.55 36.9939 3.27905 0.0817526 -0.00808205
37.6 37.0432 3.28308 0.0813482 -0.00809507
37.65 37.0926 3.28709 0.0809431 -0.00810785
37.7 37.1419 3.29108 0.0805374 -0.00812038
37.75 37.1913 3.29506 0.0801311 -0.00813265
37.8 37.2406 3.29901 0.0797242 -0.00814468
37.85 37.29 3.30294 0.0793166 -0.00815646
37.9 37.3393 3.30685 0.0789085 -0.00816799
37.95 37.3887 3.31075 0.0784998 -0.00817926
38 37.438 3.31462 0.0780906 -0.00819029
38.05 37.4874 3.31847 0.0776808 -0.00820105
38.1 37.5367 3.3223 0.0772705 -0.00821156
38.15 37.5861 3.32611 0.0768597 -0.00822182
38.2 37.6355 3.3299 0.0764483 -0.00823181
38.25 37.6848 3.33367 0.0760365 -0.00824155
38.3 37.7342 3.33742 0.0756242 -0.00825103
38.35 37.7835 3.34115 0.0752114 -0.00826025
38.4 37.8329 3.34486 0.0747982 -0.0082692
38.45 37.8823 3.34855 0.0743845 -0.0082779
38.5 37.9316 3.35222 0.0739704 -0.00828633
38.55 37.981 3.35587 0.0735559 -0.00829449
38.6 38.0304 3.3595 0.0731409 -0.00830239
38.65 38.0798 3.36311 0.0727256 -0.00831002
38.7 38.1291 3.36669 0.0723099 -0.00831739
38.75 38.1785 3.37026 0.0718939 -0.00832448
38.8 38.2279 3.37381 0.0714775 -0.00833131
38.85 38.2773 3.37733 0.0710608 -0.00833787
38.9 38.3266 3.38083 0.0706437 -0.00834415
38.95 38.376 3.38432 0.0702263 -0.00835016
39 38.4254 3.38778 0.0698087 -0.0083559
39.05 38.4748 3.39122 0.0693908 -0.00836136
39.1 38.5242 3.39465 0.0689726 -0.00836655
39.15 38.5736 3.39805 0.0685541 -0.00837146
39.2 38.623 3.40143 0.0681354 -0.00837609
39.25 38.6724 3.40479 0.0677165 -0.00838045
39.3 38.7217 3.40813 0.0672974 -0.00838452
39.35 38.7711 3.41145 0.0668781 -0.00838831
39.4 38.8205 3.41475 0.0664586 -0.00839182
39.45 38.8699 3.41802 0.0660389 -0.00839505
39.5 38.9193 3.42128 0.0656191 -0.008398
39.55 38.9687 3.42451 0.0651991 -0.00840066
39.6 39.0181 3.42773 0.064779 -0.00840303
39.65 39.0675 3.43092 0.0643588 -0.00840512
39.7 39.1169 3.4341 0.0639385 -0.00840692
39.75 39.1663 3.43725 0.0635181 -0.00840843
39.8 39.2157 3.44038 0.0630976 -0.00840965
39.85 39.2651 3.44349 0.0626771 -0.00841058
39.9 39.3146 3.44658 0.0622566 -0.00841122
39.95 39.364 3.44965 0.061836 -0.00841156
40 39.4134 3.4527 0.0614154 -0.00841161
40.05 39.4628 3.45573 0.0609949 -0.00841137
40.1 39.5122 3.45874 0.0605743 -0.00841083
40.15 39.5616 3.46172 0.0601538 -0.00840999
40.2 39.611 3.46469 0.0597333 -0.00840886
40.25 39.6604 3.46764 0.0593129 -0.00840743
40.3 39.7099 3.47056 0.0588926 -0.00840569
40.35 39.7593 3.47346 0.0584723 -0.00840366
40.4 39.8087 3.47635 0.0580522 -0.00840132
40.45 39.8581 3.47921 0.0576322 -0.00839869
40.5 39.9076 3.48205 0.0572124 -0.00839574
40.55 39.957 3.48487 0.0567926 -0.0083925
40.6 40.0064 3.48767 0.0563731 -0.00838894
40.65 40.0558 3.49045 0.0559538 -0.00838508
40.7 40.1053 3.49321 0.0555346 -0.00838091
40.75 40.1547 3.49594 0.0551157 -0.00837644
40.8 40.2041 3.49866 0.054697 -0.00837165
40.85 40.2536 3.50136 0.0542785 -0.00836655
40.9 40.303 3.50403 0.0538603 -0.00836114
40.95 40.3524 3.50669 0.0534424 -0.00835542
41 40.4019 3.50932 0.0530248 -0.00834938
41.05 40.4513 3.51193 0.0526075 -0.00834303
41.1 40.5007 3.51453 0.0521905 -0.00833636
41.15 40.5502 3.5171 0.0517738 -0.00832937
41.2 40.5996 3.51965 0.0513576 -0.00832207
41.25 40.649 3.52218 0.0509416 -0.00831445
41.3 40.6985 3.52469 0.0505261 -0.0083065
41.35 40.7479 3.52718 0.050111 -0.00829824
41.4 40.7974 3.52965 0.0496963 -0.00828966
41.45 40.8468 3.5321 0.049282 -0.00828075
41.5 40.8963 3.53453 0.0488682 -0.00827151
41.55 40.9457 3.53694 0.0484549 -0.00826196
41.6 40.9952 3.53932 0.048042 -0.00825207
41.65 41.0446 3.54169 0.0476297 -0.00824186
41.7 41.0941 3.54404 0.0472179 -0.00823132
41.75 41.1435 3.54636 0.0468066 -0.00822046
41.8 41.193 3.54867 0.0463958 -0.00820926
41.85 41.2424 3.55096 0.0459856 -0.00819773
41.9 41.2919 3.55322 0.045576 -0.00818587
41.95 41.3413 3.55547 0.0451671 -0.00817367
42 41.3908 3.55769 0.0447587 -0.00816114
42.05 41.4402 3.5599 0.0443509 -0.00814828
42.1 41.4897 3.56208 0.0439439 -0.00813508
42.15 41.5391 3.56425 0.0435374 -0.00812154
42.2 41.5886 3.56639 0.0431317 -0.00810767
42.25 41.6381 3.56852 0.0427267 -0.00809345
42.3 41.6875 3.57062 0.0423224 -0.0080789
42.35 41.737 3.57271 0.0419188 -0.008064
42.4 41.7864 3.57477 0.041516 -0.00804877
42.45 41.8359 3.57681 0.0411139 -0.00803319
42.5 41.8854 3.57884 0.0407127 -0.00801726
42.55 41.9348 3.58084 0.0403122 -0.00800099
42.6 41.9843 3.58283 0.0399126 -0.00798437
42.65 42.0338 3.5848 0.0395138 -0.00796741
42.7 42.0832 3.58674 0.0391158 -0.0079501
42.75 42.1327 3.58867 0.0387188 -0.00793244
42.8 42.1822 3.59057 0.0383226 -0.00791443
42.85 42.2316 3.59246 0.0379273 -0.00789606
42.9 42.2811 3.59433 0.037533 -0.00787735
42.95 42.3306 3.59618 0.0371396 -0.00785828
43 42.38 3.598 0.0367472 -0.00783886
43.05 42.4295 3.59981 0.0363557 -0.00781908
43.1 42.479 3.6016 0.0359653 -0.00779895
43.15 42.5285 3.60337 0.0355758 -0.00777846
43.2 42.5779 3.60512 0.0351874 -0.00775761
43.25 42.6274 3.60686 0.0348001 -0.0077364
43.3 42.6769 3.60857 0.0344138 -0.00771483
43.35 42.7264 3.61026 0.0340286 -0.0076929
43.4 42.7758 3.61194 0.0336445 -0.00767061
43.45 42.8253 3.61359 0.0332616 -0.00764795
43.5 42.8748 3.61523 0.0328797 -0.00762493
43.55 42.9243 3.61685 0.0324991 -0.00760155
43.6 42.9737 3.61845 0.0321196 -0.0075778
43.65 43.0232 3.62003 0.0317413 -0.00755368
43.7 43.0727 3.62159 0.0313642 -0.00752919
43.75 43.1222 3.62313 0.0309884 -0.00750433
43.8 43.1717 3.62466 0.0306138 -0.00747911
43.85 43.2212 3.62616 0.0302405 -0.00745351
43.9 43.2706 3.62765 0.0298684 -0.00742754
43.95 43.3201 3.62912 0.0294977 -0.00740119
44 43.3696 3.63057 0.0291283 -0.00737447
44.05 43.4191 3.632 0.0287603 -0.00734738
44.1 43.4686 3.63342 0.0283936 -0.00731991
44.15 43.5181 3.63482 0.0280283 -0.00729206
44.2 43.5675 3.63619 0.0276644 -0.00726384
44.25 43.617 3.63755 0.0273019 -0.00723523
44.3 43.6665 3.6389 0.0269409 -0.00720625
44.35 43.716 3.64022 0.0265813 -0.00717688
44.4 43.7655 3.64153 0.0262232 -0.00714713
44.45 43.815 3.64282 0.0258666 -0.007117
44.5 43.8645 3.64409 0.0255115 -0.00708648
44.55 43.914 3.64534 0.025158 -0.00705558
44.6 43.9634 3.64658 0.024806 -0.00702429
44.65 44.0129 3.6478 0.0244555 -0.00699261
44.7 44.0624 3.649 0.0241067 -0.00696054
44.75 44.1119 3.65019 0.0237595 -0.00692809
44.8 44.1614 3.65135 0.0234139 -0.00689524
44.85 44.2109 3.6525 0.02307 -0.00686201
44.9 44.2604 3.65364 0.0227277 -0.00682838
44.95 44.3099 3.65475 0.0223871 -0.00679436
45 44.3594 3.65585 0.0220483 -0.00675994
45.05 44.4089 3.65694 0.0217112 -0.00672513
45.1 44.4584 3.658 0.0213758 -0.00668992
45.15 44.5079 3.65905 0.0210422 -0.00665431
45.2 44.5574 3.66009 0.0207103 -0.0066183
45.25 44.6068 3.6611 0.0203803 -0.0065819
45.3 44.6563 3.6621 0.0200522 -0.00654509
45.35 44.7058 3.66309 0.0197258 -0.00650789
45.4 44.7553 3.66406 0.0194014 -0.00647028
45.45 44.8048 3.66501 0.0190788 -0.00643227
45.5 44.8543 3.66595 0.0187582 -0.00639385
45.55 44.9038 3.66687 0.0184394 -0.00635503
45.6 44.9533 3.66777 0.0181227 -0.0063158
45.65 45.0028 3.66866 0.0178079 -0.00627616
45.7 45.0523 3.66953 0.0174951 -0.00623611
45.75 45.1018 3.67039 0.0171843 -0.00619566
45.8 45.1513 3.67124 0.0168755 -0.00615479
45.85 45.2008 3.67206 0.0165688 -0.00611351
45.9 45.2503 3.67288 0.0162642 -0.00607182
45.95 45.2998 3.67367 0.0159616 -0.00602972
46 45.3493 3.67446 0.0156612 -0.0059872
46.05 45.3988 3.67522 0.0153629 -0.00594427
46.1 45.4483 3.67598 0.0150668 -0.00590092
46.15 45.4978 3.67672 0.0147728 -0.00585715
46.2 45.5473 3.67744 0.0144811 -0.00581296
46.25 45.5968 3.67815 0.0141915 -0.00576835
46.3 45.6463 3.67885 0.0139042 -0.00572333
46.35 45.6958 3.67953 0.0136192 -0.00567788
46.4 45.7453 3.68019 0.0133365 -0.00563201
46.45 45.7948 3.68085 0.013056 -0.00558571
46.5 45.8443 3.68149 0.0127779 -0.00553899
46.55 45.8938 3.68211 0.0125021 -0.00549185
46.6 45.9433 3.68272 0.0122287 -0.00544427
46.65 45.9928 3.68332 0.0119577 -0.00539627
46.7 46.0423 3.68391 0.0116891 -0.00534784
46.75 46.0918 3.68448 0.0114229 -0.00529899
46.8 46.1413 3.68504 0.0111592 -0.0052497
46.85 46.1908 3.68558 0.010898 -0.00519998
46.9 46.2403 3.68612 0.0106392 -0.00514982
46.95 46.2898 3.68664 0.010383 -0.00509923
47 46.3393 3.68715 0.0101293 -0.00504821
47.05 46.3888 3.68764 0.00987817 -0.00499675
47.1 46.4383 3.68812 0.00962963 -0.00494486
47.15 46.4878 3.68859 0.00938369 -0.00489253
47.2 46.5373 3.68905 0.00914038 -0.00483976
47.25 46.5868 3.6895 0.00889972 -0.00478654
47.3 46.6363 3.68993 0.00866173 -0.00473289
47.35 46.6858 3.69036 0.00842644 -0.0046788
47.4 46.7353 3.69077 0.00819386 -0.00462426
47.45 46.7848 3.69117 0.00796402 -0.00456928
47.5 46.8343 3.69156 0.00773694 -0.00451386
47.55 46.8838 3.69193 0.00751264 -0.00445799
47.6 46.9334 3.6923 0.00729115 -0.00440167
47.65 46.9829 3.69266 0.00707248 -0.0043449
47.7 47.0324 3.693 0.00685667 -0.00428769
47.75 47.0819 3.69334 0.00664372 -0.00423003
47.8 47.1314 3.69366 0.00643367 -0.00417191
47.85 47.1809 3.69397 0.00622654 -0.00411334
47.9 47.2304 3.69428 0.00602234 -0.00405432
47.95 47.2799 3.69457 0.00582111 -0.00399485
48 47.3294 3.69485 0.00562287 -0.00393492
48.05 47.3789 3.69513 0.00542763 -0.00387454
48.1 47.4284 3.69539 0.00523542 -0.0038137
48.15 47.4779 3.69564 0.00504627 -0.0037524
48.2 47.5274 3.69589 0.00486019 -0.00369064
48.25 47.5769 3.69613 0.00467721 -0.00362842
48.3 47.6264 3.69635 0.00449735 -0.00356574
48.35 47.6759 3.69657 0.00432064 -0.0035026
48.4 47.7254 3.69678 0.0041471 -0.003439
48.45 47.7749 3.69698 0.00397675 -0.00337493
48.5 47.8244 3.69717 0.00380962 -0.0033104
48.55 47.8739 3.69736 0.00364572 -0.0032454
48.6 47.9234 3.69754 0.00348509 -0.00317993
48.65 47.9729 3.6977 0.00332774 -0.003114
48.7 48.0224 3.69786 0.00317369 -0.0030476
48.75 48.072 3.69802 0.00302298 -0.00298072
48.8 48.1215 3.69816 0.00287563 -0.00291338
48.85 48.171 3.6983 0.00273165 -0.00284557
48.9 48.2205 3.69843 0.00259108 -0.00277728
48.95 48.27 3.69856 0.00245393 -0.00270852
49 48.3195 3.69868 0.00232024 -0.00263928
49.05 48.369 3.69879 0.00219001 -0.00256956
49.1 48.4185 3.69889 0.00206329 -0.00249937
49.15 48.468 3.69899 0.00194008 -0.00242871
49.2 48.5175 3.69909 0.00182043 -0.00235756
49.25 48.567 3.69917 0.00170434 -0.00228593
49.3 48.6165 3.69926 0.00159184 -0.00221382
49.35 48.666 3.69933 0.00148296 -0.00214123
49.4 48.7155 3.6994 0.00137773 -0.00206816
49.45 48.765 3.69947 0.00127615 -0.0019946
49.5 48.8145 3.69953 0.00117827 -0.00192056
49.55 48.864 3.69958 0.00108411 -0.00184603
49.6 48.9135 3.69964 0.000993678 -0.00177101
49.65 48.963 3.69968 0.000907013 -0.00169551
49.7 49.0125 3.69973 0.000824135 -0.00161952
49.75 49.062 3.69976 0.00074507 -0.00154303
49.8 49.1116 3.6998 0.00066984 -0.00146606
49.85 49.1611 3.69983 0.000598472 -0.00138859
49.9 49.2106 3.69986 0.000530989 -0.00131063
49.95 49.2601 3.69988 0.000467417 -0.00123218
50 49.3096 3.69991 0.000407779 -0.00115323
50.05 49.3591 3.69992 0.000352102 -0.00107379
50.1 49.4086 3.69994 0.000300409 -0.000993845
50.15 49.4581 3.69995 0.000252726 -0.000913405
50.2 49.5076 3.69997 0.000209077 -0.000832465
50.25 49.5571 3.69997 0.000169488 -0.000751026
50.3 49.6066 3.69998 0.000133983 -0.000669085
50.35 49.6561 3.69999 0.000102587 -0.000586643
50.4 49.7056 3.69999 7.53269e-05 -0.000503697
50.45 49.7551 3.7 5.22262e-05 -0.000420247
50.5 49.8046 3.7 3.33106e-05 -0.000336291
50.55 49.8541 3.7 1.86055e-05 -0.00025183
50.6 49.9036 3.7 8.13608e-06 -0.000166861
50.65 49.9531 3.7 1.92782e-06 -8.13843e-05
